Linux 6.10.14-linuxkit (c4af7918e6d0) 	06/05/26 	_aarch64_	(10 CPU)

15:52:21     CPU    %usr   %nice    %sys %iowait    %irq   %soft  %steal  %guest  %gnice   %idle
15:52:22     all   40.82    0.00    0.20    0.10    0.00    0.20    0.00    0.00    0.00   58.68
15:52:22       0   99.01    0.00    0.99    0.00    0.00    0.00    0.00    0.00    0.00    0.00
15:52:22       1  100.00    0.00    0.00    0.00    0.00    0.00    0.00    0.00    0.00    0.00
15:52:22       2  100.00    0.00    0.00    0.00    0.00    0.00    0.00    0.00    0.00    0.00
15:52:22       3  100.00    0.00    0.00    0.00    0.00    0.00    0.00    0.00    0.00    0.00
15:52:22       4    2.00    0.00    0.00    0.00    0.00    1.00    0.00    0.00    0.00   97.00
15:52:22       5    0.99    0.00    0.00    0.00    0.00    0.99    0.00    0.00    0.00   98.02
15:52:22       6    0.00    0.00    0.00    0.00    0.00    0.00    0.00    0.00    0.00  100.00
15:52:22       7    2.00    0.00    0.00    0.00    0.00    0.00    0.00    0.00    0.00   98.00
15:52:22       8    1.00    0.00    1.00    0.00    0.00    0.00    0.00    0.00    0.00   98.00
15:52:22       9    1.01    0.00    0.00    1.01    0.00    0.00    0.00    0.00    0.00   97.98

15:52:22     CPU    %usr   %nice    %sys %iowait    %irq   %soft  %steal  %guest  %gnice   %idle
15:52:23     all   39.96    0.00    0.00    0.00    0.00    0.00    0.00    0.00    0.00   60.04
15:52:23       0  100.00    0.00    0.00    0.00    0.00    0.00    0.00    0.00    0.00    0.00
15:52:23       1  100.00    0.00    0.00    0.00    0.00    0.00    0.00    0.00    0.00    0.00
15:52:23       2  100.00    0.00    0.00    0.00    0.00    0.00    0.00    0.00    0.00    0.00
15:52:23       3  100.00    0.00    0.00    0.00    0.00    0.00    0.00    0.00    0.00    0.00
15:52:23       4    0.00    0.00    0.00    0.00    0.00    0.00    0.00    0.00    0.00  100.00
15:52:23       5    0.00    0.00    0.00    0.00    0.00    0.00    0.00    0.00    0.00  100.00
15:52:23       6    0.00    0.00    0.00    0.00    0.00    0.00    0.00    0.00    0.00  100.00
15:52:23       7    0.00    0.00    0.00    0.00    0.00    0.00    0.00    0.00    0.00  100.00
15:52:23       8    0.00    0.00    0.00    0.00    0.00    0.00    0.00    0.00    0.00  100.00
15:52:23       9    0.00    0.00    0.00    0.00    0.00    0.00    0.00    0.00    0.00  100.00

15:52:23     CPU    %usr   %nice    %sys %iowait    %irq   %soft  %steal  %guest  %gnice   %idle
15:52:24     all   39.86    0.00    0.00    0.00    0.00    0.00    0.00    0.00    0.00   60.14
15:52:24       0  100.00    0.00    0.00    0.00    0.00    0.00    0.00    0.00    0.00    0.00
15:52:24       1  100.00    0.00    0.00    0.00    0.00    0.00    0.00    0.00    0.00    0.00
15:52:24       2  100.00    0.00    0.00    0.00    0.00    0.00    0.00    0.00    0.00    0.00
15:52:24       3  100.00    0.00    0.00    0.00    0.00    0.00    0.00    0.00    0.00    0.00
15:52:24       4    0.00    0.00    0.00    0.00    0.00    0.00    0.00    0.00    0.00  100.00
15:52:24       5    0.00    0.00    0.00    0.00    0.00    0.00    0.00    0.00    0.00  100.00
15:52:24       6    0.00    0.00    0.00    0.00    0.00    0.00    0.00    0.00    0.00  100.00
15:52:24       7    0.00    0.00    0.00    0.00    0.00    0.00    0.00    0.00    0.00  100.00
15:52:24       8    0.00    0.00    0.00    0.00    0.00    0.00    0.00    0.00    0.00  100.00
15:52:24       9    0.00    0.00    0.00    0.00    0.00    0.00    0.00    0.00    0.00  100.00

15:52:24     CPU    %usr   %nice    %sys %iowait    %irq   %soft  %steal  %guest  %gnice   %idle
15:52:25     all   40.00    0.00    0.00    0.00    0.00    0.00    0.00    0.00    0.00   60.00
15:52:25       0  100.00    0.00    0.00    0.00    0.00    0.00    0.00    0.00    0.00    0.00
15:52:25       1  100.00    0.00    0.00    0.00    0.00    0.00    0.00    0.00    0.00    0.00
15:52:25       2  100.00    0.00    0.00    0.00    0.00    0.00    0.00    0.00    0.00    0.00
15:52:25       3  100.00    0.00    0.00    0.00    0.00    0.00    0.00    0.00    0.00    0.00
15:52:25       4    0.00    0.00    0.00    0.00    0.00    0.00    0.00    0.00    0.00  100.00
15:52:25       5    0.00    0.00    0.00    0.00    0.00    0.00    0.00    0.00    0.00  100.00
15:52:25       6    0.00    0.00    0.00    0.00    0.00    0.00    0.00    0.00    0.00  100.00
15:52:25       7    0.00    0.00    0.00    0.00    0.00    0.00    0.00    0.00    0.00  100.00
15:52:25       8    0.00    0.00    0.00    0.00    0.00    0.00    0.00    0.00    0.00  100.00
15:52:25       9    0.00    0.00    0.00    0.00    0.00    0.00    0.00    0.00    0.00  100.00

15:52:25     CPU    %usr   %nice    %sys %iowait    %irq   %soft  %steal  %guest  %gnice   %idle
15:52:26     all   39.96    0.00    0.00    0.00    0.00    0.00    0.00    0.00    0.00   60.04
15:52:26       0  100.00    0.00    0.00    0.00    0.00    0.00    0.00    0.00    0.00    0.00
15:52:26       1  100.00    0.00    0.00    0.00    0.00    0.00    0.00    0.00    0.00    0.00
15:52:26       2  100.00    0.00    0.00    0.00    0.00    0.00    0.00    0.00    0.00    0.00
15:52:26       3  100.00    0.00    0.00    0.00    0.00    0.00    0.00    0.00    0.00    0.00
15:52:26       4    0.00    0.00    0.00    0.00    0.00    0.00    0.00    0.00    0.00  100.00
15:52:26       5    0.00    0.00    0.00    0.00    0.00    0.00    0.00    0.00    0.00  100.00
15:52:26       6    0.00    0.00    0.00    0.00    0.00    0.00    0.00    0.00    0.00  100.00
15:52:26       7    0.00    0.00    0.00    0.00    0.00    0.00    0.00    0.00    0.00  100.00
15:52:26       8    0.00    0.00    0.00    0.00    0.00    0.00    0.00    0.00    0.00  100.00
15:52:26       9    0.00    0.00    0.00    0.00    0.00    0.00    0.00    0.00    0.00  100.00
